9999
12.0 1 3.5598 1 1
13.0 2 3.5598 1 1
14.0 3 4.5598 1 1
13.0 5 3.5598 1 1
12.0 4 3.5598 1 1
12.0 1 3.5598 1 1
13.0 2 3.5598 1 1
14.0 3 4.5598 1 1
13.0 5 3.5598 1 1
12.0 4 3.5598 1 1
12.0 1 3.5598 1 1
13.0 2 3.5598 1 1
14.0 3 4.5598 1 1
13.0 5 3.5598 1 1
12.0 4 3.5598 1 1
12.0 1 3.5598 1 1
13.0 2 3.5598 1 1
14.0 3 4.5598 1 1
13.0 5 3.5598 1 1
12.0 4 3.5598 1 1
12.0 1 3.5598 1 1
13.0 2 3.5598 1 1
14.0 3 4.5598 1 1
13.0 5 3.5598 1 1
12.0 4 3.5598 1 1
12.0 1 3.5598 1 1
13.0 2 3.5598 1 1
14.0 3 4.5598 1 1
13.0 5 3.5598 1 1
12.0 4 3.5598 1 1
12.0 1 3.5598 1 1
13.0 2 3.5598 1 1
14.0 3 4.5598 1 1
13.0 5 3.5598 1 1
12.0 4 3.5598 1 1
12.0 1 3.5598 1 1
13.0 2 3.5598 1 1
14.0 3 4.5598 1 1
13.0 5 3.5598 1 1
12.0 4 3.5598 1 1
12.0 1 3.5598 1 1
13.0 2 3.5598 1 1
14.0 3 4.5598 1 1
13.0 5 3.5598 1 1
12.0 4 3.5598 1 1
12.0 1 3.5598 1 1
13.0 2 3.5598 1 1
14.0 3 4.5598 1 1
13.0 5 3.5598 1 1
12.0 4 3.5598 1 1
12.0 1 3.5598 1 1
13.0 2 3.5598 1 1
14.0 3 4.5598 1 1
13.0 5 3.5598 1 1
12.0 4 3.5598 1 1
12.0 1 3.5598 1 1
13.0 2 3.5598 1 1
14.0 3 4.5598 1 1
13.0 5 3.5598 1 1
12.0 4 3.5598 1 1
12.0 1 3.5598 1 1
13.0 2 3.5598 1 1
14.0 3 4.5598 1 1
13.0 5 3.5598 1 1
12.0 4 3.5598 1 1
12.0 1 3.5598 1 1
13.0 2 3.5598 1 1
14.0 3 4.5598 1 1
13.0 5 3.5598 1 1
12.0 4 3.5598 1 1
12.0 1 3.5598 1 1
13.0 2 3.5598 1 1
14.0 3 4.5598 1 1
13.0 5 3.5598 1 1
12.0 4 3.5598 1 1
12.0 1 3.5598 1 1
13.0 2 3.5598 1 1
14.0 3 4.5598 1 1
13.0 5 3.5598 1 1
12.0 4 3.5598 1 1
12.0 1 3.5598 1 1
13.0 2 3.5598 1 1
14.0 3 4.5598 1 1
13.0 5 3.5598 1 1
12.0 4 3.5598 1 1
12.0 1 3.5598 1 1
13.0 2 3.5598 1 1
14.0 3 4.5598 1 1
13.0 5 3.5598 1 1
12.0 4 3.5598 1 1
12.0 1 3.5598 1 1
13.0 2 3.5598 1 1
14.0 3 4.5598 1 1
13.0 5 3.5598 1 1
12.0 4 3.5598 1 1
12.0 1 3.5598 1 1
13.0 2 3.5598 1 1
14.0 3 4.5598 1 1
13.0 5 3.5598 1 1
12.0 4 3.5598 1 1
12.0 1 3.5598 1 1
13.0 2 3.5598 1 1
14.0 3 4.5598 1 1
13.0 5 3.5598 1 1
12.0 4 3.5598 1 1
12.0 1 3.5598 1 1
13.0 2 3.5598 1 1
14.0 3 4.5598 1 1
13.0 5 3.5598 1 1
12.0 4 3.5598 1 1
12.0 1 3.5598 1 1
13.0 2 3.5598 1 1
14.0 3 4.5598 1 1
13.0 5 3.5598 1 1
12.0 4 3.5598 1 1
12.0 1 3.5598 1 1
13.0 2 3.5598 1 1
14.0 3 4.5598 1 1
13.0 5 3.5598 1 1
12.0 4 3.5598 1 1
12.0 1 3.5598 1 1
13.0 2 3.5598 1 1
14.0 3 4.5598 1 1
13.0 5 3.5598 1 1
12.0 4 3.5598 1 1