3366
12.0 3.56 3.5598 1 1
12.0 3.5 3.566 1 1
12.1 3.55 3.566 1 1
12.01 3.5598 3.556 1 1
12.09 3.567 3.5449 1 1
12.1 3.5 3.54 1 1
12.098 3.564 3.57 1 1
12.0 3.5 3.566 1 1
12.1 3.55 3.5 1 1
12.01 3.5598 3.556 1 1
12.09 3.567 3.5449 1 1
12.0 3.56 3.5598 1 1
12.0 3.5 3.566 1 1
12.1 3.55 3.566 1 1
12.01 3.5598 3.556 1 1
12.09 3.567 3.5449 1 1
12.1 3.5 3.54 1 1
12.098 3.564 3.57 1 1
12.0 3.5 3.566 1 1
12.1 3.55 3.5 1 1
12.01 3.5598 3.556 1 1
12.09 3.567 3.5449 1 1
12.09 3.567 3.5449 1 1
12.1 3.5 3.54 1 1
12.098 3.564 3.57 1 1
12.0 3.5 3.566 1 1
12.1 3.55 3.5 1 1
12.01 3.5598 3.556 1 1
12.09 3.567 3.5449 1 1
12.0 3.56 3.5598 1 1
12.0 3.5 3.566 1 1
12.1 3.55 3.566 1 1
12.01 3.5598 3.556 1 1
12.09 3.567 3.5449 1 1
12.1 3.5 3.54 1 1
12.098 3.564 3.57 1 1
12.64 3.5 3.5 1 1
12.65 3.5598 3.5 1 1
11.999 3.54 3.5598 1 1
12.098 3.564 3.57 1 1
12.0 3.5 3.566 1 1
12.1 3.55 3.5 1 1
12.01 3.5598 3.556 1 1
12.09 3.567 3.5449 1 1
12.0 3.56 3.5598 1 1
12.0 3.5 3.566 1 1
12.1 3.55 3.566 1 1
12.01 3.5598 3.556 1 1
12.09 3.567 3.5449 1 1
12.1 3.5 3.54 1 1
12.098 3.564 3.57 1 1
12.64 3.5 3.5 1 1
12.65 3.5598 3.5 1 1
11.999 3.54 3.5598 1 1
12.098 3.564 3.57 1 1
12.0 3.5 3.566 1 1
12.1 3.55 3.5 1 1
12.01 3.5598 3.556 1 1
12.09 3.567 3.5449 1 1
12.0 3.56 3.5598 1 1
12.0 3.5 3.566 1 1
12.1 3.55 3.566 1 1
12.01 3.5598 3.556 1 1
12.09 3.567 3.5449 1 1
12.1 3.5 3.54 1 1
12.098 3.564 3.57 1 1
12.0 3.5 3.566 1 1
12.1 3.55 3.5 1 1
12.01 3.5598 3.556 1 1
12.09 3.567 3.5449 1 1
12.09 3.567 3.5449 1 1
12.1 3.5 3.54 1 1
12.098 3.564 3.57 1 1
12.0 3.5 3.566 1 1
12.1 3.55 3.5 1 1
12.01 3.5598 3.556 1 1
12.09 3.567 3.5449 1 1
12.0 3.56 3.5598 1 1
12.0 3.5 3.566 1 1
12.1 3.55 3.566 1 1
12.01 3.5598 3.556 1 1
12.09 3.567 3.5449 1 1
12.1 3.5 3.54 1 1
12.098 3.564 3.57 1 1
12.64 3.5 3.5 1 1
12.65 3.5598 3.5 1 1
11.999 3.54 3.5598 1 1
12.098 3.564 3.57 1 1
12.0 3.5 3.566 1 1
12.1 3.55 3.5 1 1
12.01 3.5598 3.556 1 1
12.09 3.567 3.5449 1 1
12.0 3.56 3.5598 1 1
12.0 3.5 3.566 1 1
12.1 3.55 3.566 1 1
12.01 3.5598 3.556 1 1
12.09 3.567 3.5449 1 1
12.1 3.5 3.54 1 1
12.098 3.564 3.57 1 1
12.64 3.5 3.5 1 1
12.65 3.5598 3.5 1 1
11.999 3.54 3.5598 1 1