8765
12 1 3.5598 1 1
12 2 3.5598 1 1
12 1 4.5598 1 1
12 5 3.5598 1 1
12 7 0.5598 1 1
12 1 0.5598 1 1
12 2 0.5598 1 0
12 3 0.5598 1 0
12 1 0.5598 1 0
12 4 0.5598 1 1
12 1 0.5598 1 1
12 1 0.5598 1 1
12 3 0.5598 1 1
12 5 0.5598 1 1
12 1 0.5598 1 1
12 1 0.5598 1 1
12 2 3.5598 1 1
12 6 7.5598 1 1
12 5 3.5598 1 1
12 4 3.5598 1 1
12 7 3.5598 1 1
12 2 3.5598 1 1
12 3 4.5598 1 1
12 5 3.5598 1 1
12 4 7.5598 1 1
12 1 7.5598 1 1
12 2 7.5598 1 1
12 7 7.5598 1 1
12 5 7.5598 1 1
12 4 7.5598 1 1
12 1 7.5598 1 1
12 2 7.5598 1 1
12 3 7.5598 1 1
12 5 7.5598 1 1
12 4 7.5598 1 1
12 1 7.5598 1 1
12 7 7.5598 1 1
12 3 4.5598 1 1
12 5 3.5598 1 1
12 4 3.5598 1 1
12 1 3.5598 1 1
12 2 3.5598 1 1
12 7 4.5598 1 1
12 5 3.5598 1 1
12 4 3.5598 1 1
12 1 3.5598 1 1
12 2 3.5598 1 1
12 3 4.5598 1 1
12 5 3.5598 1 1
12 7 3.5598 1 1
12 1 3.5598 1 1
12 2 3.5598 1 1
12 1 4.5598 1 1
12 5 3.5598 1 1
12 4 3.5598 1 1
12 1 3.5598 1 1
12 2 3.5598 1 1
12 3 4.5598 1 1
12 5 3.5598 1 1
12 1 3.5598 1 1
12 1 3.5598 1 1
12 2 3.5598 1 1
12 3 4.5598 1 1
12 7 3.5598 1 1
12 4 3.5598 1 1
12 1 3.5598 1 1
12 2 3.5598 1 1
12 3 4.5598 1 1
12 5 3.5598 1 1
12 1 3.5598 1 1
12 1 3.5598 1 1
12 2 3.5598 1 1
12 3 4.5598 1 1
12 5 10.5598 1 1
12 1 10.5598 1 1
12 1 10.5598 0 1
12 7 10.5598 1 1
12 3 10.5598 1 1
12 5 10.5598 1 1
12 1 10.5598 1 1
12 1 10.5598 1 1
12 2 10.5598 0 1
12 1 10.5598 1 1
12 5 10.5598 1 1
12 1 3.5598 1 1
12 1 3.5598 1 1
12 2 3.5598 1 1
12 3 4.5598 1 1
12 5 3.5598 1 1
12 1 3.5598 1 1
12 1 3.5598 0 1
12 2 3.5598 1 1
12 1 4.5598 1 1
12 7 3.5598 1 1
12 4 3.5598 1 1
12 1 3.5598 1 1
12 2 3.5598 1 1
12 1 4.5598 1 1
