3338
12.0 3.56 3.5598 1 1
12.0 3.56 3.5598 1 1
12.0 3.56 3.5598 1 1
12.0 3.56 3.5598 1 1
12.0 3.56 3.5598 1 1
12.0 3.56 3.5598 1 1
12.0 3.56 3.5598 1 1
12.0 3.56 3.5598 1 1
12.0 3.56 3.5598 1 1
12.0 3.56 3.5598 1 1
12.0 3.56 3.5598 1 1
12.0 3.56 3.5598 1 1
12.0 3.56 3.5598 1 1
12.0 3.56 3.5598 1 1
12.0 3.56 3.5598 1 1
12.0 3.56 3.5598 1 1
12.0 3.56 3.5598 1 1
12.0 3.56 3.5598 1 1
12.0 3.56 3.5598 1 1
12.0 3.56 3.5598 1 1
12.0 3.56 3.5598 1 1
12.0 3.56 3.5598 1 1
12.0 3.56 3.5598 1 1
12.0 3.56 3.5598 1 1
12.0 3.56 3.5598 1 1
12.0 3.56 3.5598 1 1
12.0 3.56 3.5598 1 1
12.0 3.56 3.5598 1 1
12.0 3.56 3.5598 1 1
12.0 3.56 3.5598 1 1
12.0 3.56 3.5598 1 1
12.0 3.56 3.5598 1 1
12.0 3.56 3.5598 1 1
12.0 3.56 3.5598 1 1
12.0 3.56 3.5598 1 1
12.0 3.56 3.5598 1 1
12.0 3.56 3.5598 1 1
12.0 3.56 3.5598 1 1
12.0 3.56 3.5598 1 1
12.0 3.56 3.5598 1 1
12.0 3.56 3.5598 1 1
12.0 3.56 3.5598 1 1
12.0 3.56 3.5598 1 1
12.0 3.56 3.5598 1 1
12.0 3.56 3.5598 1 1
12.0 3.56 3.5598 1 1
12.0 3.56 3.5598 1 1
12.0 3.56 3.5598 1 1
12.0 3.56 3.5598 1 1
12.0 3.56 3.5598 1 1
12.0 3.56 3.5598 1 1
12.0 3.56 3.5598 1 1
12.0 3.56 3.5598 1 1
12.0 3.56 3.5598 1 1
12.0 3.56 3.5598 1 1
12.0 3.56 3.5598 1 1
12.0 3.56 3.5598 1 1
12.0 3.56 3.5598 1 1
12.0 3.56 3.5598 1 1
12.0 3.56 3.5598 1 1
12.0 3.56 3.5598 1 1
12.0 3.56 3.5598 1 1
12.0 3.56 3.5598 1 1
12.0 3.56 3.5598 1 1
12.0 3.56 3.5598 1 1
12.0 3.56 3.5598 1 1
12.0 3.56 3.5598 1 1
12.0 3.56 3.5598 1 1
12.0 3.56 3.5598 1 1
12.0 3.56 3.5598 1 1
12.0 3.56 3.5598 1 1
12.0 3.56 3.5598 1 1
12.0 3.56 3.5598 1 1
12.0 3.56 3.5598 1 1
12.0 3.56 3.5598 1 1
12.0 3.56 3.5598 1 1
12.0 3.56 3.5598 1 1
12.0 3.56 3.5598 1 1
12.0 3.56 3.5598 1 1
12.0 3.56 3.5598 1 1
12.0 3.56 3.5598 1 1
12.0 3.56 3.5598 1 1
12.0 3.56 3.5598 1 1
12.0 3.56 3.5598 1 1
12.0 3.56 3.5598 1 1
12.0 3.56 3.5598 1 1
12.0 3.56 3.5598 1 1
12.0 3.56 3.5598 1 1
12.0 3.56 3.5598 1 1
12.0 3.56 3.5598 1 1
12.0 3.56 3.5598 1 1
12.0 3.56 3.5598 1 1