4678
12 1 3.5598 1 1
12 2 3.5598 1 1
12 7 4.5598 1 1
12 5 3.5598 1 1
12 7 3.5598 1 1
12 1 3.5598 1 1
12 2 3.5598 1 1
12 3 4.5598 1 1
12 6 3.5598 1 1
12 4 3.5598 1 1
12 1 3.5598 1 1
12 6 3.5598 1 1
12 3 4.5598 1 1
12 5 3.5598 1 1
12 6 3.5598 1 1
12 1 3.5598 1 1
12 2 3.5598 1 1
12 6 4.5598 1 1
12 5 3.5598 1 1
12 4 3.5598 1 1
12 7 3.5598 1 1
12 2 3.5598 1 1
12 3 4.5598 1 1
12 5 3.5598 1 1
12 4 3.5598 1 1
12 1 3.5598 1 1
12 2 3.5598 1 1
12 7 4.5598 1 1
12 5 3.5598 1 1
12 4 3.5598 1 1
12 1 3.5598 1 1
12 2 3.5598 1 1
12 3 4.5598 1 1
12 5 3.5598 1 1
12 4 3.5598 1 1
12 1 3.5598 1 1
12 7 3.5598 1 1
12 3 4.5598 1 1
12 5 3.5598 1 1
12 4 3.5598 1 1
12 1 3.5598 1 1
12 2 3.5598 1 1
12 7 4.5598 1 1
12 5 3.5598 1 1
12 4 3.5598 1 1
12 1 3.5598 1 1
12 2 3.5598 1 1
12 3 4.5598 1 1
12 5 3.5598 1 1
12 7 3.5598 1 1
12 1 3.5598 1 1
12 2 3.5598 1 1
12 6 4.5598 1 1
12 5 3.5598 1 1
12 4 3.5598 1 1
12 1 3.5598 1 1
12 2 3.5598 1 1
12 3 4.5598 1 1
12 5 3.5598 1 1
12 7 3.5598 1 1
12 1 3.5598 1 1
12 2 3.5598 1 1
12 3 4.5598 1 1
12 7 3.5598 1 1
12 4 3.5598 1 1
12 1 3.5598 1 1
12 2 3.5598 1 1
12 3 4.5598 1 1
12 5 3.5598 1 1
12 7 3.5598 1 1
12 1 3.5598 1 1
12 2 3.5598 1 1
12 3 4.5598 1 1
12 5 3.5598 1 1
12 7 3.5598 1 1
12 1 3.5598 1 1
12 7 3.5598 1 1
12 3 4.5598 1 1
12 5 3.5598 1 1
12 4 3.5598 1 1
12 1 3.5598 1 1
12 2 3.5598 1 1
12 3 4.5598 1 1
12 5 3.5598 1 1
12 4 3.5598 1 1
12 1 3.5598 1 1
12 2 3.5598 1 1
12 3 4.5598 1 1
12 5 3.5598 1 1
12 4 3.5598 1 1
12 6 3.5598 1 1
12 2 3.5598 1 1
12 7 4.5598 1 1
12 7 3.5598 1 1
12 4 3.5598 1 1
12 7 3.5598 1 1
12 2 3.5598 1 1
12 6 4.5598 1 1
